Am
61509 3656 48718
AZ
3587 11268 4611 4620 63506 4630 4631 33353 59526 61064 12425 59534 53394
AT
61440 38913 47109 6155 32785 24943 31089 31090 31099 31101 31106 27013
AS
26113 18438 16395 16396 16397 18446 32272 6673 63054 6737 6738 6740 6741 21595
Al
9729 26114 11333 22091 20048 49749 57432 31361
AP
26113 58375 50575 10768 57234 54420 7700 7835 32034 7973 18343 26151 26152 23978 23979 26154 26155
AL
63746 10116 10118 58519
AG
42500 48647 48649 53787 48676 57892
AB
7682 34180 6661 43269 52229 54280 7302 20875 52236 6936 6553 283 57500 3998 53663 53664
AN
46108 18981 41015 44087 59964 16957 34940 34941 52349 57476 23174 60551
AA
57857 45061 20493 38418 45680 20081 8306 20088 24193 42626 32391 49288 49801
